time,x,y,z,phi,theta,psi,x_velocity,y_velocity,z_velocity,phi_velocity,theta_velocity,psi_velocity,rotor_speed1,rotor_speed2,rotor_speed3,rotor_speed4
0.06,-4.64967937203e-08,8.9409502659e-07,10.0044845805,0.000635812169964,5.23261931509e-05,0.0,-4.47031144e-06,7.07747011847e-05,0.149477430286,0.0261098486005,0.00256176736441,0.0,452.18258339901394,452.3888495454304,451.31458059194193,453.41662186778063
0.12000000000000001,-1.85390311668e-06,2.28686621394e-05,10.0150049216,0.00210177787322,6.28301868957,0.0,-5.68883955875e-05,0.000805756513118,0.201192271975,0.0208483437972,-0.0205054820429,0.0,423.3607154948733,421.37169203127723,420.52432355762505,420.0685149539604
0.18,2.88933659586e-06,0.000127099793552,10.0333604897,0.00337378216626,6.28258147401,0.0,0.00030381672421,0.00281762643673,0.410607186335,0.0218943448868,0.0109204259096,0.0,468.87739263940614,471.31216470506786,470.670142879605,470.7510459896469
0.23999999999999996,3.18956332042e-05,0.000376206204396,10.0624708195,0.00468400082964,6.28301622731,0.0,0.000602101605318,0.00562905814302,0.559674865739,0.0217220076527,-0.00136024281651,0.0,452.54382598074386,451.55429157995684,452.7623843606678,452.7485243666779
0.3,7.20881280218e-05,0.00083442173151,10.1028007013,0.00620548524369,7.98569371909e-05,0.0,0.000725372887193,0.00981535985215,0.784526225404,0.0317854216821,0.0133617944338,0.0,473.50686410557876,474.63785261569245,475.99019612692257,476.7596615609818
0.36000000000000004,0.000109494734617,0.00158040046122,10.1560657969,0.00856654758189,0.00136152406536,0.0,0.000394785004131,0.015304567218,0.990818996526,0.0513042217007,0.0338578745528,0.0,468.37071680645266,469.9618322879275,470.2178609787494,471.7279639165077
0.4200000000000001,9.63098001638e-05,0.00269294557764,10.2191279135,0.011342637956,0.00321779635657,0.0,-0.001039019241,0.0220893863185,1.11113854775,0.0335826517011,0.0243448709179,0.0,445.30805997869476,444.5296190041877,444.4301880440047,442.9767014627317
0.48000000000000015,-4.59632580808e-05,0.00428669382987,10.2910536983,0.0132045847587,0.00466972816787,0.0,-0.00386751996425,0.0312533029007,1.28620359992,0.0253711107761,0.0239052739692,0.0,460.92407559930075,460.8893907581501,462.12894288272014,461.4815867359742
0.5400000000000001,-0.000389938662423,0.00646616280491,10.3730717706,0.0152843939696,0.00670883905353,0.0,-0.00779609153915,0.0415981214587,1.44753763537,0.0487070551767,0.048925155177,0.0,456.88391100693303,458.8745757281975,456.39726447116374,458.2562562778637
0.6000000000000002,-0.00100301432137,0.00927748980161,10.4621995729,0.0181681537273,0.0102307700043,0.0,-0.0129616913502,0.0523968535742,1.52328350572,0.0467421467335,0.0732917049649,0.0,430.859969889017,432.9173227347405,430.71825441612657,430.5535505744664
0.6600000000000003,-0.00198820966356,0.0127720689263,10.5546993427,0.0211586649592,0.0148801693643,0.0,-0.0202977039579,0.0643569940715,1.55998204374,0.0554127304799,0.0847817853738,0.0,418.1717730087522,419.17651735050384,418.4015181725452,419.1573644981468
0.7200000000000003,-0.0036022693389,0.0171774996311,10.6555951913,0.0249094101122,0.0193727763726,0.0,-0.0341185260251,0.0829217941894,1.80284123976,0.0738679569258,0.0308106163465,0.0,484.0640117219469,479.98893497040456,482.28282312211525,483.67701897642763
0.7800000000000004,-0.00602915766086,0.0226489010031,10.765344003,0.0301708315484,0.0215656531312,0.0,-0.0469698893306,0.0999245521033,1.85535079623,0.106465616129,0.0460778554069,0.0,424.6933290424497,426.00139060555705,423.0911549076747,425.89461431516594
0.8400000000000004,-0.009249824613,0.0292154365485,10.8772131056,0.0367166169424,0.0238209016232,0.0,-0.0606208339871,0.11954042592,1.87356337758,0.113893839764,0.0094035941387,0.0,415.73943282487977,412.5144076635593,413.0861332533906,413.7520486949158
0.9000000000000005,-0.0133553699141,0.0371299795556,10.9914994468,0.043120244961,0.024884860773,0.0,-0.0763103921559,0.144917777783,1.93584777628,0.0858606056547,0.0306339107448,0.0,426.9002004755094,428.7077813187714,430.33240820332844,427.96307138867587
0.9600000000000005,-0.0184895160857,0.0467930576195,11.1119448346,0.0483012758406,0.0274616372826,0.0,-0.0950688302657,0.177732645201,2.07871404986,0.0873121212659,0.0602543222742,0.0,453.32633625553433,455.70098771485004,453.8408546069093,453.96331933448096
1.0200000000000005,-0.0246777246007,0.0583040031207,11.236192334,0.0534448651867,0.03079891935,0.0,-0.111502792799,0.206406379138,2.06286305254,0.0823524807649,0.0442162776714,0.0,403.90373970104815,402.4571624222433,403.520471951742,403.07938830597567
1.0800000000000005,-0.0320215008533,0.0718222618277,11.3631514628,0.0579846523523,0.0335420338577,0.0,-0.13356182894,0.244683122107,2.16887020691,0.0568920703443,0.0485646855585,0.0,443.192326724954,443.55079370596945,444.47946360392564,442.39240001743235
1.1400000000000006,-0.0408172651345,0.0878465123065,11.4985206443,0.0616775050152,0.0364065476137,0.0,-0.159945707439,0.28983889129,2.34305150614,0.0695248234054,0.046043919397,0.0,464.34297312679143,464.14646680417206,464.963614255554,465.9546967988752
1.2000000000000006,-0.0513075884961,0.106744595519,11.6455730155,0.06548562478,0.0395316137679,0.0,-0.190068420484,0.340545224173,2.55818297836,0.0472156165612,0.0620315826759,0.0,477.09274296746753,478.3133283017259,478.7176021779798,477.01960870835666
1.2600000000000007,-0.0634259462342,0.128346283825,11.7991095262,0.0679898383664,0.0431120842416,0.0,-0.214197119544,0.379743073753,2.55965885559,0.0275652311595,0.0544884243227,0.0,412.41032039532456,411.746327437556,412.31452793925473,410.575856327926
1.3200000000000007,-0.077138669377,0.152471387266,11.9546513786,0.0699086798535,0.0465431754312,0.0,-0.243213033741,0.424586212222,2.62488358977,0.0396025992724,0.062093603778,0.0,431.8229592899236,432.4663524811576,433.24829390535194,434.25957624974455
1.3800000000000008,-0.0926002409615,0.179234825614,12.1128029335,0.0718534233956,0.0505352355629,0.0,-0.272521476341,0.467720538336,2.64674067957,0.0114134728882,0.0741919994058,0.0,417.79832976678716,418.85538192738045,421.1655007733346,418.72074317923307
1.4400000000000008,-0.109968611046,0.208716707023,12.2736704296,0.0724553265977,0.0547596657245,0.0,-0.306840818058,0.515052666784,2.71530727394,0.00711417464463,0.061499524642,0.0,435.214607628735,434.15484257989954,434.7897494472271,434.4292861855237
1.5000000000000009,-0.129486487406,0.241059955564,12.438805602,0.0731280881323,0.0588563827646,0.0,-0.344131137173,0.563089507532,2.78897941914,0.0183564491407,0.0792153613957,0.0,435.9831728910895,437.4643515192581,436.2562030946024,437.1937953666311
1.560000000000001,-0.151604882037,0.276639646535,12.6129860158,0.0741071639972,0.0636383817666,0.0,-0.393691839631,0.622973854427,3.01639241316,0.0118929515319,0.0806514555484,0.0,483.5678102533922,483.68051087159733,484.54946353926766,484.0632104722382
1.620000000000001,-0.1766271158,0.315617060473,12.7979011798,0.0747015504059,0.0685203409076,0.0,-0.440879199756,0.676305972479,3.14703158733,0.0056037717012,0.0827572090495,0.0,456.37694573271455,456.5501529801264,456.6746762895774,456.17261325279753
1.680000000000001,-0.204951028081,0.358192097882,12.9958316383,0.0747239575819,0.0746206587998,0.0,-0.50394151766,0.742810105984,3.44969429372,-0.0129598408651,0.124770714068,0.0,505.6206718115871,508.64531911396415,508.2244747901289,506.89219536591304
1.740000000000001,-0.237027917146,0.404548669552,13.2092132566,0.0741369453363,0.0826809846212,0.0,-0.566166543332,0.802262254251,3.6622646805,-0.00408694237096,0.148689849398,0.0,483.3152614795586,485.12935460615205,482.88637939603046,483.55539407148143
1.8000000000000012,-0.272543580318,0.454023500436,13.4294905093,0.0736162252208,0.0919147889752,0.0,-0.618501990487,0.846844643368,3.68015245257,-0.01996245793,0.162669922819,0.0,425.11885186771826,426.3384581233315,425.2422108342375,423.88011519108096
1.8600000000000012,-0.311747012963,0.506451918018,13.6548209447,0.0729775495849,0.101545841477,0.0,-0.689293765787,0.900615915321,3.83022947985,0.00343064081774,0.155828864021,0.0,467.3188942752789,466.8084104617848,466.3754514862624,468.199210359504
1.9200000000000013,-0.35512814528,0.561894551024,13.8864136433,0.0729394790156,0.111048376075,0.0,-0.757627746589,0.947445724376,3.88918442498,-0.0103474187498,0.163030475591,0.0,439.9857874205613,440.6056454635873,440.7535008949046,439.613250706223
1.9800000000000013,-0.402855795733,0.620177707836,14.1220469933,0.0720114349,0.120567683249,0.0,-0.834215224212,0.995209523889,3.96484239306,-0.0284322421135,0.148046576174,0.0,447.368626833864,446.170396526664,446.56160045123625,445.08389794582894
2.0400000000000014,-0.455507820475,0.681382647197,14.3633462311,0.0705312413361,0.129602640333,0.0,-0.92173385628,1.04473529861,4.07790126968,-0.0180451677019,0.15521993111,0.0,457.88572163412516,458.47661737955286,459.08096785257015,459.9043904016379
2.1000000000000014,-0.513779413125,0.745619382569,14.6127289174,0.0699162638084,0.139007276265,0.0,-1.02160700698,1.09633043598,4.23407658939,0.00199475595581,0.15962631355,0.0,472.9074469172322,473.2683742624931,472.3503881623494,473.8935284198812
2.1600000000000015,-0.578065252776,0.812843434982,14.8701064058,0.0701519558693,0.148869151385,0.0,-1.1221990808,1.14443169736,4.34452352304,0.00753915006662,0.172457453883,0.0,460.04744687046446,461.0869674358373,460.95123116297117,461.3891388457306
2.2200000000000015,-0.648441243071,0.882882219061,15.133047176,0.0704771239952,0.159581937809,0.0,-1.22465515121,1.19018140062,4.41961969962,0.000801605160521,0.188550249961,0.0,449.7522879120447,451.08396876440116,452.38768421953176,451.84469586822314
2.2800000000000016,-0.725170665144,0.955660363454,15.4003821353,0.0703915754529,0.170437957605,0.0,-1.33403051773,1.2357006401,4.49097565044,-0.00630145919238,0.157904911848,0.0,452.7037765703003,450.26117008782813,451.3694872773972,450.7958512094884
2.3400000000000016,-0.808143373889,1.0309466579,15.6689217077,0.0697311677404,0.180369311218,0.0,-1.43254895975,1.27377711739,4.46022612386,-0.0226425699576,0.17753022689,0.0,418.91016868764547,420.64100227076966,419.13395100070994,417.71122728970965
2.4000000000000017,-0.898163239155,1.10886065426,15.9407988172,0.068222587596,0.191416080028,0.0,-1.56917298535,1.32311925272,4.60142698473,-0.0306817533695,0.194780529453,0.0,473.6793445754237,475.034405594784,474.5686464187231,473.9510396126529
2.4600000000000017,-0.997196050182,1.18988920026,16.2239863838,0.0662364477329,0.203203782565,0.0,-1.7331407645,1.37748177992,4.8367264739,-0.0384446736131,0.199623304472,0.0,503.4950231318448,503.87800470758657,503.9697389422841,503.4079719495027
2.520000000000002,-1.10531788083,1.2737902289,16.5162285587,0.0635982845768,0.2148493392,0.0,-1.87199376417,1.41891488846,4.90399119013,-0.0583000614657,0.179767211881,0.0,456.89549771258424,455.34481811745826,457.4932839926078,455.9082339058481
2.580000000000002,-1.22298350592,1.36039443938,16.8169175733,0.0601998234124,0.225547774561,0.0,-2.05123559178,1.46736796152,5.11754880421,-0.0535150267701,0.175219508674,0.0,502.20028960557966,501.89694820215055,501.1703592584562,501.5162758105826
2.640000000000002,-1.35155987153,1.44979040638,17.1299120182,0.0575051836499,0.23575697485,0.0,-2.23561002906,1.51205045869,5.3141789498,-0.0316796476646,0.157388056389,0.0,500.9351355395507,499.660608373014,498.1572374089708,499.75054036321535
2.700000000000002,-1.49005449935,1.54147395986,17.4489331377,0.0557188809766,0.244900434039,0.0,-2.38167256437,1.5438604339,5.31942329301,-0.0262061279286,0.139847679612,0.0,444.25654638860505,442.837448784142,444.0704218548805,444.51898943039356
2.760000000000002,-1.63784715214,1.63511026927,17.7696893182,0.0544765969745,0.25310376496,0.0,-2.54545266232,1.57715986915,5.37175289363,-0.0115041069886,0.129604477918,0.0,460.86111989986114,460.0671532740783,458.8439649431319,460.0098642567474
2.820000000000002,-1.79459918788,1.73050308784,18.0895849783,0.0547341530744,0.260899418002,0.0,-2.6802915296,1.60257707475,5.29143689713,0.0248645612874,0.130565318183,0.0,417.63046975354587,417.73093363067426,415.94484304965306,419.11846839422896
2.880000000000002,-1.9601262051,1.82753917984,18.4066943043,0.0562893350326,0.268716339753,0.0,-2.8379393221,1.63205545238,5.27846356302,0.027950342288,0.129709963688,0.0,440.8060745289137,440.7510825606302,440.0810251857578,440.3365578999118
2.940000000000002,-2.13448710258,1.92620933623,18.7202017249,0.0582069800631,0.277225964664,0.0,-2.97480623721,1.65707151678,5.17184948775,0.0389684856862,0.158925783639,0.0,408.8619842553861,411.47712596291683,407.9888311327393,408.97208024725677
3.000000000000002,-2.31755133138,2.02647727229,19.0284999739,0.0603783953968,0.286648077496,0.0,-3.12813397598,1.68534408708,5.10453611985,0.0299587079096,0.152962988138,0.0,422.7209187650916,422.2314142819098,424.0514258354177,423.2772471017201
3.0600000000000023,-2.50962360697,2.12839693965,19.3315294865,0.0618529934793,0.29580042622,0.0,-3.27506189018,1.71208278355,4.99643423587,0.0107341920474,0.151678806062,0.0,409.5284912491949,409.4383392216756,409.84902895368623,408.1365541031132
3.1200000000000023,-2.71143857623,2.23209102136,19.6305680389,0.0625433727706,0.304833821217,0.0,-3.45287110681,1.74439482484,4.97102681241,0.0130074997635,0.148215043531,0.0,438.4722856373111,438.20604334322877,437.556752203499,437.74588132877125
3.1800000000000024,-2.9248689165,2.33788299633,19.9304810916,0.0632805733913,0.313902847089,0.0,-3.6622078233,1.78199827995,5.02510230001,0.0108046108043,0.156449317986,0.0,464.9796179281472,465.64468571028124,464.88187165429235,464.7090668211425
3.2400000000000024,-3.15011487917,2.44575485887,20.2306999994,0.0639253312984,0.323899572108,0.0,-3.84681130401,1.81373339448,4.98170471685,0.010628415449,0.181630408801,0.0,434.0051672101568,436.1405513395448,435.3564121780385,435.3415437050034
3.3000000000000025,-3.38743983058,2.5556884154,20.5306586724,0.0640121722105,0.335168457838,0.0,-4.06492472309,1.85068008063,5.01587682356,-0.0322042158608,0.197947600717,0.0,461.9102778365528,463.2279922588914,463.2510073250513,459.86995973100676
3.3600000000000025,-3.63792130814,2.66779199036,20.8321179395,0.062564791687,0.346876953417,0.0,-4.28541609472,1.88586735655,5.03176968114,-0.0115257203515,0.188849792006,0.0,459.1857654401664,458.49913894707964,457.2299823374224,458.87466617681554
3.4200000000000026,-3.90101506117,2.78182814987,21.1321140285,0.0621775916762,0.358059593816,0.0,-4.48530443583,1.91523944331,4.96754242803,0.00213629241699,0.180916221788,0.0,434.1222081977612,433.4904545093318,433.26479591582466,434.412275232951
3.4800000000000026,-4.17771805515,2.89784763719,21.4319340598,0.0626693822452,0.369016636909,0.0,-4.73896569234,1.95200320813,5.02509400965,0.018173905899,0.185814750271,0.0,475.4556751691261,475.8607521890803,474.49510942475814,475.72486851955233
3.5400000000000027,-4.46891190012,3.01591891606,21.7326214257,0.0633646568219,0.380587548924,0.0,-4.96839737802,1.9837075473,4.99689126412,-0.00676860290572,0.204107749186,0.0,449.14158971911326,450.6584777315673,452.0158740363683,450.00078413490803
3.6000000000000028,-4.77470599321,3.13598496568,22.033027712,0.0631977586792,0.39287301761,0.0,-5.22566974201,2.01836155809,5.01532335863,0.00419172936498,0.206025090082,0.0,468.01972221113556,468.2077952636064,467.4720210899635,468.3255495245821
3.660000000000003,-5.09506634448,3.25794706268,22.331736873,0.0634186438212,0.405320826543,0.0,-5.45398695728,2.04698685294,4.94084515763,0.00264068837211,0.210190776899,0.0,439.90725550205224,440.2949081853083,439.59643303864897,439.4677840917959
3.720000000000003,-5.43019352188,3.38174234804,22.6278198157,0.0634661617137,0.417587839341,0.0,-5.71784546593,2.07942660123,4.92729162192,-0.00318903311837,0.189385863461,0.0,462.36245408973946,460.75899251339393,463.55377378109347,463.0953130225311
3.780000000000003,-5.78240157348,3.50761576635,22.9252206188,0.0642250271701,0.429078584816,0.0,-6.02317731633,2.11625385179,4.98424863251,0.0332541793819,0.1954523591,0.0,488.18845086120405,488.6730573904531,486.49740564350367,489.2190902172631
3.840000000000003,-6.15172785107,3.6355023707,23.2227280543,0.0666113750943,0.441050967932,0.0,-6.28856731275,2.14671534276,4.93146730545,0.0503660346184,0.206655882428,0.0,455.54776314111933,456.48069094489665,455.670740233279,457.037731172521
3.900000000000003,-6.5360444239,3.76508108175,23.5144858753,0.069345497201,0.453776678722,0.0,-6.52297591279,2.17270599563,4.79307963174,0.033648502439,0.221194849368,0.0,428.01476546648604,429.2965669651377,429.8913056361959,428.4732244137319
3.960000000000003,-6.93627338872,3.89647336109,23.8011331532,0.0711658845022,0.466795209315,0.0,-6.8188712725,2.20706383132,4.76022555689,0.0227301880201,0.206836323249,0.0,468.10798534902005,467.03280865422363,468.2817839912799,467.43171109449526
4.020000000000002,-7.35365359837,4.02981954166,24.0839582268,0.073063482825,0.479454272699,0.0,-7.09470620552,2.23782292612,4.66606463492,0.0452068998186,0.218192345301,0.0,448.9707644816544,449.93457978480257,450.19227069360306,452.0081414946497
4.080000000000001,-7.78950684005,4.1652644664,24.3641976866,0.0758026482203,0.492345923828,0.0,-7.43446698234,2.27707142379,4.67310570178,0.0465296198976,0.207205169458,0.0,488.0240057511947,487.2440007616056,487.46534491596293,487.5652166134508
4.14,-8.24407261758,4.30282045713,24.6410684527,0.0790532788746,0.504316374643,0.0,-7.71859526149,2.30822633489,4.55467038494,0.0662323377732,0.176066587961,0.0,450.95344151204483,448.46783586528363,448.5019157744988,450.10164971758934
4.199999999999998,-8.71564537705,4.44224072776,24.9102066044,0.0827703008836,0.51463885706,0.0,-8.00130951053,2.33926829589,4.41551105498,0.0516087722533,0.162461479233,0.0,446.0007113736699,444.9159834847358,445.11793040108483,443.9218929184653
4.259999999999997,-9.20419306493,4.58352721572,25.1705101969,0.085825046086,0.524801438533,0.0,-8.28443970231,2.37037035798,4.26025219662,0.0494825532194,0.180482781827,0.0,441.06601357818255,442.57968949438043,441.80283054317806,441.62909385298855
4.319999999999996,-9.71000518868,4.72671206275,25.421465505,0.0891697940631,0.535774502709,0.0,-8.57680850488,2.40253454757,4.10374416335,0.065995588486,0.187294053814,0.0,443.9056279199085,444.4967344204911,443.1199564592072,444.4778495475773
4.379999999999995,-10.23218467,4.87164280017,25.6605370967,0.0929103767393,0.547221504089,0.0,-8.83021983303,2.428605758,3.86464540704,0.0538028659335,0.196971179785,0.0,415.3104358688363,416.196716210209,415.7467627465242,414.6797469628825
4.439999999999993,-10.7697315441,5.01814948003,25.885039405,0.0959842448191,0.558782846672,0.0,-9.08907576402,2.4550116738,3.61803155065,0.045517656052,0.182362031424,0.0,415.813751571287,414.5703590642852,413.97459350015305,413.24651239683305
4.499999999999992,-11.324096653,5.16641527373,26.0962921361,0.099405958766,0.570246308688,0.0,-9.39066472253,2.48721151902,3.42248035459,0.0735121916579,0.204384102834,0.0,435.7020378450089,437.5756430169867,435.1514389986996,437.49155630546954
4.559999999999991,-11.8999124553,5.31711628239,26.3004431244,0.103988647097,0.581940340255,0.0,-9.80363087399,2.53621172207,3.37978900584,0.0815663472491,0.158231927599,0.0,497.20398795870636,493.8410960393492,494.3791099835914,494.97631056174214
4.6199999999999894,-12.4980818075,5.47037415256,26.4977185607,0.108644167875,0.591754451273,0.0,-10.1361100748,2.5724774504,3.19453195847,0.0681482774675,0.172526051915,0.0,449.3845351834333,450.56706631635086,451.12028463723647,450.03975540246864
4.679999999999988,-13.1160394889,5.62577007896,26.6830950569,0.112862704022,0.602194681009,0.0,-10.4633230411,2.60741725479,2.98319010932,0.0743115177806,0.176802802873,0.0,444.51104704045576,444.89057889158914,443.7807966179147,444.2903556939222
4.739999999999987,-13.7538222304,5.78327159404,26.8555123665,0.117232897144,0.612409819402,0.0,-10.7969480362,2.64265369668,2.76247800464,0.0697120304594,0.152081829295,0.0,445.99583304674974,443.99865480044224,444.69929115814307,444.32633142095494
4.799999999999986,-14.4127689226,5.94305239504,27.0157437663,0.121714085233,0.62208958108,0.0,-11.1686129143,2.68335611547,2.5766110653,0.0831299473787,0.175308268979,0.0,461.6277348972651,463.4807197521127,461.2318656270217,462.2948220266301
4.859999999999984,-15.0950019222,6.10541642986,27.1655849262,0.12653700809,0.633096441452,0.0,-11.5730077617,2.72873649967,2.41560377676,0.0742298029131,0.196102099604,0.0,475.67754749053285,477.29750024128566,477.0915407840824,476.41596776029576
4.919999999999983,-15.8034581742,6.27080817951,27.3077440192,0.130816507743,0.645367012782,0.0,-12.0423765207,2.78415037482,2.31960220419,0.0647735536756,0.217488486799,0.0,505.14473094304526,506.72011035336124,506.99459486142223,506.31769121681054
4.979999999999982,-16.5374061723,6.43901446162,27.4398925159,0.134965500387,0.659175477471,0.0,-12.4232288771,2.82255443853,2.08289772863,0.0767109068476,0.247767182474,0.0,461.32276081239223,463.75759731004416,463.18400924362487,464.12560574481125
5.0399999999999805,-17.2926252041,6.6091912669,27.5551483872,0.139313693156,0.674114382697,0.0,-12.751682521,2.84985760752,1.75704757485,0.0622506263664,0.251301764871,0.0,433.67259164382114,434.0332686020459,434.9186485204084,433.7094128236176
