episod,total_reward
1,20.31035532
2,20.2758422986
3,20.0186581629
4,18.4564137747
5,18.6929839158
6,20.1497535374
7,20.4384645367
8,20.7204750412
9,18.0012947534
10,18.3039633573
11,18.2657745122
12,17.6785797304
13,20.8588188723
14,19.9896163167
15,19.9227059536
16,17.37928331
17,17.5859250419
18,17.9639772322
19,17.5037608808
20,20.0991458851
21,20.359084167
22,20.2390138327
23,20.7432728993
24,20.9196657443
25,20.6191652922
26,19.1639333041
27,20.0753232947
28,18.2908749813
29,21.0498984423
30,19.3835761863
31,19.0163133012
32,15.1079101221
33,19.2817286122
34,18.6987012172
35,18.0634283393
36,18.9616144861
37,17.2232787913
38,18.3319972244
39,17.6894035285
40,15.7776274403
41,17.0624148002
42,18.3232344501
43,16.7073379898
44,19.218772697
45,15.8665048931
46,17.6471834194
47,21.5528826276
48,21.061873149
49,21.3303583843
50,20.7448582536
51,20.5586180635
52,21.0393507589
53,20.7400138115
54,19.0582101977
55,20.5144289042
56,20.8311003779
57,21.4648118616
58,18.8281267713
59,18.5172588094
60,21.1947769621
61,20.0898290514
62,20.2955652012
63,20.2049603525
64,20.5682660988
65,20.5827786091
66,20.473023412
67,20.554846979
68,20.3959226019
69,18.9372677227
70,21.2813873144
71,20.7525701856
72,18.3145726079
73,18.939656744
74,18.6179831338
75,18.6742134413
76,19.2203289551
77,19.2918629796
78,21.1010160715
79,20.8949132976
80,18.4492298496
81,21.6380577652
82,18.711748549
83,19.7091510633
84,18.67851704
85,19.9836465595
86,19.9645620831
87,22.5808994625
88,22.7553255575
89,22.8104531459
90,21.556271154
91,21.4276707234
92,21.490078288
93,20.9218356818
94,20.6100220592
95,20.3774312635
96,20.2154395251
97,20.6709752122
98,19.7114320955
99,22.0049694879
100,21.9048586761
101,21.7779998054
102,21.7312600593
103,21.7211777987
104,20.4018717702
105,20.3336406263
106,20.3054006877
107,20.2946187137
108,20.3705035212
109,21.1617838313
110,21.7256855502
111,21.2998231689
112,21.4185663078
113,21.0004049691
114,22.7533510229
115,22.4119337681
116,20.2931945896
117,22.6369030917
118,22.9152636736
119,22.5889476625
120,21.0225144107
121,20.9905032091
122,20.9853051673
123,21.0540374877
124,21.053522275
125,21.0597109717
126,21.3455029979
127,21.0038492881
128,21.0189298621
129,21.1623870853
130,21.5421907862
131,21.7461494458
132,21.8443816799
133,21.7246357671
134,21.7607278854
135,21.8339175158
136,22.1176962811
137,22.1476441271
138,22.2433239496
139,22.3150228428
140,21.6298447554
141,21.5245504111
142,21.4714012232
143,21.9254843263
144,21.6397571989
145,21.9590215072
146,22.0014721336
147,22.0213200071
148,21.3863223293
149,21.0792218462
150,20.3948351032
151,20.0498408124
152,20.0996489956
153,19.8868529061
154,20.0617990297
155,17.1056230896
156,17.125641777
157,17.1994297262
158,17.588997234
159,17.8098811737
160,17.9804111253
161,18.2732050162
162,18.2675636333
163,18.3239696864
164,18.516927173
165,18.8422066444
166,18.9241246198
167,19.049758883
168,19.3113141751
169,19.2790175171
170,19.407386495
171,19.5707275398
172,19.7663593369
173,19.7517579125
174,19.8225558736
175,19.4342172321
176,19.2572072664
177,19.5163321687
178,19.8424709395
179,20.1127070937
180,20.4588547922
181,20.6223165844
182,20.0562036952
183,19.8498453129
184,19.5865184697
185,19.5145109935
186,19.6812466961
187,19.7974916539
188,19.5432659353
189,19.3677511374
190,19.8600900364
191,19.688554272
192,19.7670044994
193,19.3162194251
194,18.7285309756
195,18.6585214438
196,18.8789876443
197,18.7226185927
198,18.720729387
199,18.9173133038
200,18.5934408021
201,18.4729140964
202,17.9615435521
203,18.1236370523
204,18.0082302227
205,17.9957278782
206,18.1500145638
207,18.0761982393
208,18.0785953101
209,17.9816942827
210,17.245205626
211,18.0272054372
212,16.0375212706
213,18.0739325079
214,18.1434853298
215,18.8751956698
216,17.8386425257
217,18.1617673765
218,18.3070405783
219,18.4680633712
220,18.624856171
221,18.6006226535
222,18.7900547936
223,18.8569084828
224,18.9055407615
225,18.9019947062
226,19.102223831
227,18.6964274649
228,18.8864270899
229,18.7597465217
230,18.9007702452
231,18.7399606669
232,18.8153911702
233,19.0637957473
234,17.9491246484
235,17.9481176331
236,19.7549559543
237,21.0044727875
238,19.9419404527
239,20.9974228164
240,21.0584630092
241,21.2689305659
242,22.1888913566
243,22.3863153554
244,20.5760261251
245,20.6828304381
246,21.4284642381
247,21.7224573796
248,22.9404316442
249,21.3286499196
250,22.0926911793
251,21.0908391592
252,20.5393841939
253,21.3194835247
254,20.8431032397
255,19.9469422782
256,15.2969833009
257,22.0321807506
258,22.1993376646
259,21.9382048366
260,19.6969514085
261,20.3773373175
262,20.771084367
263,21.446599056
264,21.4529427203
265,20.8031716483
266,20.2123672802
267,15.2236930248
268,21.0634114008
269,21.001829083
270,20.1780739068
271,19.3784635547
272,18.5465549538
273,17.6180249586
274,17.4544564147
275,18.6118165234
276,17.3821530744
277,16.8271244047
278,17.2141685263
279,18.3180058139
280,18.3446486471
281,15.9735997917
282,19.9646040051
283,16.7010816347
284,12.9897702033
285,9.51197291537
286,15.3637303102
287,17.127616879
288,17.1209048514
289,16.7825122315
290,12.5999162406
291,12.670259557
292,8.58888861622
293,8.41532550015
294,9.63032944963
295,7.78557299346
296,8.9277658115
297,9.1655557715
298,7.96028365344
299,9.27750497646
300,5.95633789701
301,5.21707362549
302,4.78383282571
303,1.11350238776
304,0.0339544598325
305,-0.190976279705
306,-3.09632967522
307,-3.01024255721
308,-5.00063736864
309,-7.90572209928
310,-11.631555724
311,-15.0957438581
312,-21.8058717466
313,-31.2618358052
314,-37.9293981633
315,-49.5308424078
316,-57.3876531113
317,-63.324002941
318,-74.8141063464
319,-159.862851859
320,-173.786949967
321,-173.006979335
322,-172.699137588
323,-171.300152213
324,-171.344208952
325,-171.503178764
326,-171.229712438
327,-173.026425717
328,-172.522057077
329,-173.106745798
330,-172.527438708
331,-172.189297675
332,-172.410073983
333,-171.40219836
334,-172.650887262
335,-172.378651723
336,-171.645177815
337,-171.795703816
338,-173.252348866
339,-172.870517216
340,-172.4629217
341,-172.976454255
342,-173.185686298
343,-172.418861253
344,-173.511443246
345,-174.031943857
346,-173.322628677
347,-172.834354838
348,-174.074953992
349,-173.504667906
350,-173.533862027
351,-174.177156509
352,-174.756604114
353,-176.792365881
354,-148.523418145
355,11.7971468079
356,-0.624815923936
357,33.5808351695
358,18.6744394858
359,39.3577327866
360,0.0520727919299
361,3.90653739407
362,4.22086934066
363,3.85095744706
364,4.20043218735
365,4.71420735622
366,4.59207543895
367,24.5392391171
368,7.11432544079
369,6.48949217372
370,16.1100000548
371,7.09259175815
372,7.95074038564
373,17.7369533504
374,10.7703919466
375,10.3791046445
376,12.4706887189
377,24.4229492431
378,13.3197632374
379,10.367536391
380,12.7665845667
381,13.162039613
382,13.502228633
383,11.897556902
384,12.4404740952
385,14.592995653
386,13.0363921825
387,13.7080396188
388,17.4507615624
389,19.9279446303
390,20.1969136589
391,17.9834745083
392,14.042287123
393,6.57804598517
394,11.1866102211
395,17.6329967704
396,24.03123751
397,18.8439858599
398,17.8661954483
399,12.5369617825
400,12.6452542956
401,14.761977773
402,12.9932282175
403,22.4771515226
404,22.6784771265
405,21.9499380728
406,21.0912105842
407,20.2534181034
408,18.9407534797
409,16.4268221351
410,16.7579053622
411,17.2257036958
412,16.9599150341
413,17.4457518093
414,16.7978958631
415,17.7305080898
416,14.7729350511
417,14.7326858499
418,14.8532963792
419,15.0449745497
420,17.3909670737
421,17.4034697655
422,16.8817691119
423,17.4151568415
424,17.7246878913
425,17.5858995429
426,17.6520562065
427,17.4225923392
428,18.3540497847
429,19.0264746868
430,18.7095038879
431,18.937654925
432,22.5002150024
433,21.4101237967
434,20.705107214
435,23.1585931262
436,21.4778162623
437,22.2657445831
438,14.7573056782
439,16.6835914223
440,5.86792029969
441,28.3418497296
442,-2.85194154935
443,21.2713692923
444,21.5042500513
445,21.4775507174
446,15.8114753169
447,16.5937061975
448,22.6991660254
449,20.9849358876
450,23.6491978426
451,10.1684663897
452,20.5072690711
453,10.8410414512
454,14.7412019043
455,10.8063963867
456,23.1260687697
457,14.952795557
458,13.7182222598
459,22.7154573853
460,18.1577905433
461,24.4637556875
462,11.6743538552
463,9.94620232623
464,11.3603084795
465,23.3824955065
466,24.0438521208
467,17.9781831829
468,19.5727064093
469,23.1034618011
470,22.6241575882
471,25.6789812817
472,23.2540750046
473,22.7938407287
474,25.4552707278
475,21.1975716388
476,23.534466496
477,22.0011760282
478,23.2370409066
479,21.2135376697
480,21.6178925231
481,21.427107321
482,22.2626637256
483,22.6225913471
484,21.5601898867
485,24.027646186
486,21.3125769846
487,24.2327816773
488,21.2559453363
489,23.720393787
490,20.3345149944
491,20.3839780905
492,20.562613192
493,20.3939453771
494,20.3519999848
495,20.7612097947
496,20.7057121692
497,20.7424230221
498,20.8280007399
499,20.4807279833
500,20.8190765701
501,20.679324384
502,20.9552966914
503,20.5009330533
504,20.6397897524
505,21.3215238571
506,21.1372210929
507,20.9827685304
508,21.1599571044
509,21.0073645352
510,21.2745500747
511,21.0468957542
512,21.0894067548
513,20.8092479759
514,21.1582748656
515,21.0858326992
516,20.7511085627
517,20.9715353048
518,20.8390214119
519,21.003860858
520,20.8921446147
521,20.9554523423
522,20.887874742
523,21.045207186
524,20.9910364166
525,20.8370965018
526,20.7565580023
527,20.6374191074
528,20.817222826
529,20.7713094401
530,21.0536668009
531,20.7170006423
532,20.6876661462
533,20.7908293284
534,20.6826639522
535,20.7993285068
536,20.6776675356
537,20.8369263613
538,20.956302166
539,20.9544096826
540,20.6774033234
541,20.8257333548
542,20.9333985011
543,20.754147192
544,20.7131991549
545,20.7676581005
546,20.6609656879
547,20.7381321895
548,20.8972994221
549,20.8666520632
550,20.7791438875
551,20.849315459
552,20.6588776353
553,20.7874515307
554,20.5079462148
555,20.8370488248
556,20.622815451
557,20.91141939
558,20.794568033
559,20.780980646
560,20.6837708606
561,20.7732576229
562,20.8406500283
563,20.8617820037
564,20.7432479208
565,20.688075155
566,20.6955572542
567,20.5362544835
568,20.5740950411
569,20.7816228143
570,20.850853834
571,20.4858137493
572,20.7648663477
573,20.617460948
574,20.8620350801
575,20.7785234351
576,20.7297300206
577,20.6025477904
578,20.7401674493
579,20.7598117276
580,20.9835103401
581,20.6676933069
582,20.821166064
583,20.8824127523
584,20.7288038168
585,20.7139980538
586,20.863790491
587,20.6107061902
588,20.6350809579
589,20.6113039444
590,20.9706014199
591,20.8153358458
592,20.5913860811
593,20.5281808914
594,20.6899344749
595,20.7758269598
596,20.7705733161
597,20.7124228639
598,20.8709742998
599,20.9136729247
600,20.8072192389
601,20.7170055981
602,20.8598094834
603,20.9136626503
604,20.6271914299
605,20.8015525287
606,20.7708773173
607,20.887023973
608,20.8137713381
609,20.9549679111
610,20.755877663
611,21.1085474541
612,20.846236248
613,20.7321270728
614,20.7424830283
615,20.7866129804
616,20.736966969
617,20.6303542796
618,20.8166072643
619,20.7477369667
620,20.7128478213
621,20.6319800678
622,20.7942648466
623,20.6098235021
624,20.6745570717
625,20.5777632577
626,20.5309301991
627,20.6010072717
628,20.8971947128
629,20.6390513868
630,20.635759454
631,20.5510376587
632,20.6427798828
633,20.9067589054
634,20.5955506293
635,20.698773695
636,20.53656106
637,20.653960085
638,20.7786010522
639,20.8331660252
640,20.6793607875
641,20.750223318
642,20.8444431842
643,20.7915439882
644,20.7490313038
645,20.779580173
646,20.7675673755
647,20.6529287122
648,20.7301040891
649,20.4802714012
650,20.5626063771
651,20.8547518342
652,20.7805341215
653,20.5269559533
654,20.8125591235
655,20.7781417351
656,20.7604379993
657,20.5517938694
658,20.8671038076
659,20.9851929429
660,20.8050563122
661,20.6978229155
662,20.8538511348
663,20.6289748711
664,20.7568334525
665,20.7042406306
666,20.6298297925
667,20.896278565
668,20.6802041702
669,20.5967961022
670,20.7535868235
671,20.6806648249
672,20.8079593223
673,20.7167057105
674,20.7626331444
675,20.7599269225
676,20.7604718548
677,20.7470128839
678,20.8493457092
679,20.704028783
680,20.8092596497
681,20.6699829258
682,20.7661107959
683,20.9125602656
684,20.7196297553
685,20.6064206495
686,20.7148768421
687,20.7739070939
688,20.6148807094
689,20.6000379465
690,20.7408991105
691,20.7331452091
692,20.7521544866
693,20.7277974374
694,20.6423154336
695,20.6810396882
696,20.7587619783
697,20.7891507317
698,20.5262592697
699,20.6848117036
700,20.633897933
701,20.6314332373
702,20.9316778138
703,20.8205167413
704,20.5047433827
705,20.6911479348
706,20.4952434795
707,20.6639669264
708,20.738485546
709,20.7901617974
710,20.8704073224
711,20.5939490345
712,20.7447346278
713,20.7732813952
714,20.8181192421
715,20.782213568
716,20.7301749255
717,20.6968132802
718,20.8951580539
719,20.6327288517
720,20.6574109764
721,20.8191075223
722,20.6210361729
723,20.4320105442
724,20.6442490595
725,20.9562769863
726,20.8010534852
727,21.01381438
728,20.6610276257
729,20.6411807657
730,20.6485530504
731,20.6697549495
732,20.7361669321
733,20.5892693852
734,20.7286620894
735,20.8184385001
736,20.7801557076
737,20.7836415647
738,20.5946019662
739,20.6334082824
740,20.7537863927
741,20.5603351064
742,20.8044189672
743,20.667794755
744,20.7145586633
745,20.6010270292
746,20.7341300679
747,20.7146630675
748,20.7321319489
749,20.5920643731
750,20.835835105
751,21.2084008771
752,20.8827165765
753,20.702234646
754,20.8590450656
755,20.6711802662
756,20.825018789
757,20.8000792145
758,20.8521967617
759,20.7150560217
760,20.9499901536
761,21.0451639099
762,20.7884443447
763,20.7473572343
764,20.6942726319
765,20.8457122469
766,20.9318580513
767,20.9235343274
768,20.811147656
769,20.9849550712
770,20.9008346256
771,20.9238208112
772,20.9381358132
773,21.1709884512
774,20.930207258
775,21.1025642103
776,20.8499209115
777,20.9513834114
778,21.1751438164
779,21.0860692052
780,21.0367490574
781,21.0338739847
782,21.0940293889
783,21.0875805367
784,21.1882944297
785,21.007345356
786,21.1499083068
787,21.2278763343
788,20.9420830084
789,21.1019626433
790,21.1776638839
791,21.2333027412
792,21.3057425993
793,21.3801484266
794,21.1391888699
795,21.2645679776
796,21.1020616014
797,21.3870644074
798,21.1682892377
799,21.3472998135
800,21.2589562662
801,21.3244313885
802,21.2404502759
803,21.3024512898
804,21.4345741574
805,21.5592576498
806,21.5841344138
807,21.4725248222
808,21.716282692
809,21.524727224
810,21.6974344165
811,21.7674923999
812,21.8597380938
813,21.7675616967
814,21.9202675888
815,22.0268273847
816,22.0707888637
817,22.1500464971
818,22.3923001683
819,22.2502119422
820,22.4099238853
821,22.8175181499
822,22.6136954379
823,22.757099831
824,22.8561788143
825,23.0107164862
826,22.9837135943
827,23.1406051154
828,23.3697099773
829,23.5707652023
830,23.7498773448
831,23.7663509268
832,23.7888823478
833,24.0140196472
834,24.1391574543
835,24.3066106355
836,24.4133542002
837,24.5790559671
838,24.73597761
839,24.9614926923
840,24.9022972072
841,24.8255803504
842,24.7487344457
843,24.8750357322
844,24.9609451689
845,24.5703028656
846,24.1911341417
847,23.6544513399
848,22.8911941935
849,22.6871523276
850,20.46210622
851,22.2544503993
852,20.7337220585
853,19.4467423161
854,18.584162866
855,20.0827703418
856,19.9728132012
857,19.2544264
858,17.9411479389
859,17.8577237248
860,19.6217936174
861,17.5654435255
862,12.851810116
863,13.1626880056
864,15.5886639149
865,14.2829903892
866,14.9281438919
867,18.464395792
868,10.1854726141
869,11.4609871687
870,14.293439183
871,11.7349554877
872,10.2251515798
873,9.39039027119
874,0.563929661728
875,-11.379480063
876,-34.8068461926
877,-96.9490146889
878,-158.88048335
879,-158.508069592
880,-153.058952052
881,-150.123929412
882,-143.750568451
883,-146.05648593
884,-147.396221687
885,-151.372084903
886,-141.676442305
887,-92.0862546446
888,-75.0733007885
889,-117.332848051
890,-78.4911542151
891,-77.2027366326
892,-103.779121834
893,-63.607838732
894,-75.6435779459
895,-73.4953321484
896,-65.3500769616
897,-87.4594790643
898,-94.3340211213
899,-63.5511921176
900,-68.7202964803
901,-66.0147794644
902,-72.0202482829
903,-73.8749348412
904,-56.1830420297
905,-69.5020672155
906,-71.1327008977
907,-58.1856683899
908,-71.5962355211
909,-55.9930484193
910,-54.0081891833
911,-59.096204813
912,-58.2146493943
913,-55.222057443
914,-74.3846483022
915,-52.2110992544
916,-63.4810972192
917,-32.0690488211
918,-49.916304723
919,-51.153132876
920,-34.4472988348
921,-44.5573163746
922,-39.7312643637
923,-27.6167578506
924,-14.9937743567
925,-7.57939971169
926,13.8325590978
927,1.24477913364
928,17.5362895064
929,19.5553260604
930,22.82679917
931,22.9061716172
932,20.4653272527
933,20.1489907943
934,20.4051928511
935,20.5420480219
936,20.688196652
937,20.57022513
938,20.7739643069
939,20.8684386947
940,20.7137453848
941,20.5560084087
942,20.7301258018
943,20.5795841176
944,20.5505433244
945,20.7227778301
946,20.6781044965
947,20.7005682323
948,20.8386052152
949,20.7766210116
950,20.6293251628
951,20.7431445518
952,20.9321373037
953,20.5171262309
954,20.7900601024
955,20.7355827639
956,20.8093393828
957,20.5350800002
958,20.6968322295
959,20.7363985335
960,20.6376692707
961,20.7151147064
962,20.6826485329
963,20.5708890048
964,20.7155400349
965,20.7274780949
966,20.6568836302
967,20.5891702407
968,20.6275898352
969,20.7193206194
970,20.7362628304
971,20.6086074402
972,20.7484687001
973,20.6789203709
974,20.6497673347
975,20.6393632607
976,20.8379821518
977,20.6939030187
978,20.7833557653
979,20.7937374888
980,20.7963828747
981,20.8158613974
982,20.7995745496
983,20.7089198814
984,20.7030795528
985,20.6639556607
986,20.7858691407
987,20.6899869117
988,20.6093431998
989,20.5716354951
990,20.8452368095
991,20.664370915
992,20.6264473264
993,20.6329447439
994,20.934250204
995,20.6597423191
996,20.699254141
997,20.6325396309
998,20.7451938772
999,20.6305293975
1000,20.6429353578
